SLIDER SIM DATA:
All experiments conducted on track slider here are the waypoints:
-2.200000000000000178e+00, 3.399999999999999911e+00
-2.200000000000000178e+00, 2.200000000000000178e+00
-2.200000000000000178e+00, 1.800000000000000044e+00
-2.000000000000000000e+00, 1.600000000000000089e+00
-1.600000000000000089e+00, 1.600000000000000089e+00
-1.199999999999999956e+00, 1.600000000000000089e+00
-8.000000000000000444e-01, 1.399999999999999911e+00
-8.000000000000000444e-01, 1.000000000000000000e+00
-1.199999999999999956e+00, 8.000000000000000444e-01
-1.600000000000000089e+00, 8.000000000000000444e-01
-2.000000000000000000e+00, 8.000000000000000444e-01
-2.200000000000000178e+00, 5.999999999999999778e-01
-2.200000000000000178e+00, 2.000000000000000111e-01
-1.800000000000000044e+00, 0.000000000000000000e+00
-1.399999999999999911e+00, 0.000000000000000000e+00
-1.000000000000000000e+00, 0.000000000000000000e+00
-4.000000000000000222e-01, 0.000000000000000000e+00
0.000000000000000000e+00, 2.000000000000000111e-01
2.000000000000000111e-01, 5.999999999999999778e-01
5.999999999999999778e-01, 1.000000000000000000e+00
1.199999999999999956e+00, 1.000000000000000000e+00
1.600000000000000089e+00, 1.199999999999999956e+00
1.800000000000000044e+00, 1.600000000000000089e+00
1.800000000000000044e+00, 2.200000000000000178e+00
1.800000000000000044e+00, 2.799999999999999822e+00
1.800000000000000044e+00, 3.399999999999999911e+00
1.800000000000000044e+00, 4.000000000000000000e+00
1.399999999999999911e+00, 4.400000000000000355e+00
1.000000000000000000e+00, 4.200000000000000178e+00
2.000000000000000111e-01, 3.000000000000000000e+00
2.000000000000000111e-01, 2.600000000000000089e+00
5.999999999999999778e-01, 2.399999999999999911e+00
1.000000000000000000e+00, 2.399999999999999911e+00
1.199999999999999956e+00, 2.200000000000000178e+00
1.199999999999999956e+00, 1.800000000000000044e+00
8.000000000000000444e-01, 1.600000000000000089e+00
2.000000000000000111e-01, 1.600000000000000089e+00
-2.000000000000000111e-01, 1.800000000000000044e+00
-5.999999999999999778e-01, 2.200000000000000178e+00
-1.399999999999999911e+00, 2.200000000000000178e+00
-1.600000000000000089e+00, 2.600000000000000089e+00
-1.399999999999999911e+00, 3.000000000000000000e+00
-5.999999999999999778e-01, 3.200000000000000178e+00
0.000000000000000000e+00, 4.000000000000000000e+00
-2.000000000000000111e-01, 4.400000000000000355e+00
-1.000000000000000000e+00, 4.400000000000000355e+00
-1.600000000000000089e+00, 4.200000000000000178e+00


Used static parameters:

Ql = 1000
Q_theta = 10
N = 35
Tf = 1.0
R_d: 0.01
R_delta: 0.01

Changed parameter Qc with the associated laptimes in samples. (Ts = Tf/N)

Qc          Laptimes
0.01		    359 360 362 362
0.1		      359 370 360 361
1.0		      359 360 362 362
10.0		    367 361 360 366
100.0		    363 365 361 363
1000.0	    392 392 393 392
2000.0 	    410 409 410 410
3000.0	    422 424 422 422
4000.0	    431 431 430
10000.0     447 446 447
15000.0     457 456 457
